2 2 1 0 0
3 7 8 9 
1 1510 1336 1 -99. -99.
2 1565 1569 1 161 208
3 1466 1480 1 -99. -99.
4 1405 1326 1 -99. -99.
5 1387 1490 1 -99. -99.
6 1427 1332 1 161 215
7 1457 1481 1 161 208
8 1438 1566 1 -99. -99.
9 1332 1559 1 161 208
10 1559 1231 1 -99. -99.
11 1422 1494 1 -99. -99.
12 1519 1564 1 -99. -99.
13 1484 1235 1 176 215
14 1560 1559 1 -99. -99.
15 1260 1235 1 161 -99.
16 1569 1538 1 161 -99.
17 1563 1565 1 161 -99.
18 1462 1565 1 161 -99.
19 1538 1527 1 -99. -99.
20 1370 1387 1 161 215
21 1278 1462 1 161 215
22 1548 1235 1 -99. -99.
23 1438 1533 1 176 -99.
24 1268 1448 1 161 -99.
25 1560 1225 1 161 -99.
26 1565 1527 1 161 -99.
27 1555 1533 1 161 -99.
28 1569 1538 1 161 222
29 1438 1533 1 161 -99.
30 1567 1336 1 161 -99.
31 1533 1568 1 176 -99.
32 1477 1405 1 -99. -99.
33 1480 1466 1 -99. -99.
34 1494 1422 1 -99. -99.
35 1422 1494 1 -99. -99.
36 1260 1235 1 176 222
37 1494 1457 1 -99. -99.
38 1538 1557 1 161 -99.
39 1416 1326 1 -99. -99.
40 1527 1565 1 -99. -99.
41 1555 1533 1 161 -99.
42 1438 1533 1 161 208
43 1564 1548 1 161 -99.
44 1235 1548 1 -99. -99.
45 1427 1231 1 161 -99.
46 1557 1405 1 -99. -99.
47 1559 1332 1 -99. -99.
48 1555 1566 1 -99. -99.
49 1569 1565 1 -99. -99.
50 1555 1533 1 -99. -99.
51 1231 1427 1 -99. -99.
52 1462 1391 1 161 222
53 1560 1569 1 161 -99.
54 1494 1422 1 -99. -99.
55 1565 1527 1 161 231
56 1235 1260 1 -99. -99.
57 1235 1484 1 -99. -99.
58 1268 1547 1 -99. -99.
59 1527 1560 1 -99. -99.
60 1466 1263 1 -99. -99.
61 1527 1565 1 -99. -99.
62 1556 1332 1 173 -99.
63 1431 1370 1 -99. -99.
64 1559 1231 1 -99. -99.
65 1569 1538 1 173 215
66 1559 1560 1 -99. -99.
67 1563 1569 1 -99. -99.
68 1438 1519 1 173 222
69 1559 1231 1 -99. -99.
70 1477 1405 1 -99. -99.
71 1566 1568 1 -99. -99.
72 1556 1544 1 -99. -99.
73 1235 1484 1 152 215
74 1564 1484 1 152 215
75 1568 1519 1 -99. -99.
76 1398 1530 1 -99. -99.
77 1332 1559 1 152 215
78 1231 1427 1 152 212
79 1462 1560 1 152 215
80 1527 1565 1 -99. -99.
81 1559 1391 1 -99. -99.
82 1231 1336 1 -99. -99.
83 1559 1544 1 173 229
84 1263 1569 1 173 215
85 1398 1533 1 -99. -99.
86 1448 1268 1 194 229
87 1565 1462 1 152 204
88 1448 1334 1 152 208
89 1547 1268 1 -99. -99.
90 1564 1559 1 152 208
91 1564 1484 1 152 222
92 1559 1560 1 -99. -99.
93 1548 1564 1 152 -99.
94 1422 1494 1 -99. -99.
95 1555 1566 1 -99. -99.
96 1564 1260 1 173 -99.
97 1235 1484 1 152 222
98 1565 1527 1 -99. -99.
99 1527 1560 1 152 215
100 1563 1490 1 152 222
101 1568 1533 1 152 215
102 1231 1559 1 152 215
103 1564 1260 1 -99. -99.
104 1538 1527 1 -99. -99.
105 1560 1462 1 152 222
106 1268 1364 1 -99. -99.
107 1555 1566 1 152 -99.
108 1336 1530 1 152 215
109 1538 1569 1 152 -99.
110 1231 1559 1 194 -99.
111 1559 1332 1 -99. -99.
112 1569 1538 1 152 -99.
113 1560 1462 1 173 215
114 1530 1398 1 173 215
115 1560 1569 1 152 219
116 1533 1555 1 -99. -99.
117 1457 1494 1 148 208
118 1555 1533 1 148 220
119 1559 1544 1 -99. -99.
120 1565 1527 1 -99. -99.
121 1336 1530 1 148 208
122 1547 1268 1 -99. -99.
123 1560 1462 1 148 216
124 1555 1519 1 -99. -99.
125 1334 1547 1 -99. -99.
126 1560 1462 1 133 216
127 1564 1533 1 148 222
128 1334 1547 1 183 -99.
129 1477 1405 1 173 222
130 1260 1235 1 148 -99.
131 1268 1448 1 148 216
132 1336 1510 1 148 208
133 1547 1268 1 173 -99.
134 1422 1397 1 -99. -99.
135 1533 1555 1 -99. -99.
136 1544 1559 1 148 216
137 1438 1566 1 -99. -99.
138 1398 1530 1 -99. -99.
139 1569 1565 1 148 -99.
140 1566 1555 1 -99. -99.
141 1547 1268 1 148 -99.
142 1519 1438 1 -99. -99.
143 1370 1497 1 -99. -99.
144 1481 1422 1 -99. -99.
145 1559 1544 1 -99. -99.
146 1462 1391 1 -99. -99.
147 1530 1336 1 -99. -99.
148 1326 1405 1 -99. -99.
149 1555 1533 1 148 208
150 1559 1231 1 148 208
151 1544 1559 1 148 208
152 1391 1462 1 148 -99.
153 1538 1527 1 -99. -99.
154 1398 1510 1 -99. -99.
155 1405 1557 1 -99. -99.
156 1484 1564 1 148 216
157 1484 1564 1 148 222
158 1260 1555 1 -99. -99.
159 1268 1547 1 -99. -99.
160 1559 1231 1 -99. -99.
161 1555 1566 1 -99. -99.
162 1427 1231 1 -99. -99.
163 1559 1231 1 148 216
164 1431 1233 1 148 -99.
165 1566 1555 1 -99. -99.
166 1557 1405 1 -99. -99.
167 1448 1268 1 174 -99.
168 1538 1527 1 -99. -99.
169 1481 1457 1 153 222
170 1268 1547 1 153 -99.
171 1533 1555 1 -99. -99.
172 1462 1560 1 -99. -99.
173 1457 1397 1 -99. -99.
174 1494 1457 1 174 -99.
175 1527 1559 1 174 216
176 1559 1560 1 153 216
177 1469 1448 1 174 216
178 1397 1422 1 -99. -99.
179 1364 1268 1 -99. -99.
180 1559 1544 1 -99. -99.
181 1364 1268 1 -99. -99.
182 1235 1260 1 194 222
183 1565 1527 1 -99. -99.
184 1533 1451 1 153 -99.
185 1448 1268 1 -99. -99.
186 1569 1480 1 -99. -99.
187 1538 1569 1 153 208
188 1560 1527 1 -99. -99.
189 1533 1568 1 -99. -99.
190 1235 1557 1 153 -99.
191 1462 1278 1 153 -99.
192 1559 1544 1 153 -99.
193 1326 1405 1 153 -99.
194 1397 1457 1 -99. -99.
195 1544 1559 1 153 222
196 1462 1538 1 -99. -99.
197 1387 1370 1 -99. -99.
198 1268 1364 1 153 -99.
199 1559 1544 1 -99. -99.
200 1560 1559 1 -99. -99.
201 1526 1533 1 -99. -99.
202 1336 1530 1 -99. -99.
203 1462 1560 1 194 222
204 1569 1565 1 -99. -99.
205 1530 1336 1 -99. -99.
206 1559 1560 1 153 -99.
207 1564 1548 1 194 -99.
208 1364 1334 1 174 208
209 1566 1555 1 153 -99.
210 1533 1555 1 -99. -99.
211 1569 1560 1 153 216
212 1457 1494 1 -99. -99.
213 1567 1336 1 -99. -99.
214 1519 1568 1 -99. -99.
215 1494 1422 1 -99. -99.
216 1568 1519 1 -99. -99.
217 1235 1548 1 -99. -99.
218 1438 1566 1 -99. -99.
219 1438 1566 1 176 222
220 1569 1563 1 -99. -99.
221 1559 1544 1 -99. -99.
222 1451 1477 1 -99. -99.
223 1484 1235 1 162 216
224 1569 1560 1 -99. -99.
225 1555 1566 1 -99. -99.
226 1527 1538 1 -99. -99.
227 1235 1484 1 -99. -99.
228 1566 1555 1 -99. -99.
229 1364 1268 1 -99. -99.
230 1519 1555 1 -99. -99.
231 1260 1564 1 162 -99.
232 1566 1438 1 -99. -99.
233 1519 1438 1 -99. -99.
234 1494 1457 1 -99. -99.
235 1559 1231 1 -99. -99.
236 1560 1569 1 -99. -99.
237 1391 1559 1 -99. -99.
238 1547 1405 1 -99. -99.
239 1294 1530 1 -99. -99.
240 1231 1559 1 -99. -99.
241 1533 1438 1 -99. -99.
242 1564 1484 1 162 216
243 1391 1559 1 -99. -99.
244 1398 1510 1 -99. -99.
245 1235 1260 1 -99. -99.
246 1490 1431 1 -99. -99.
247 1568 1533 1 -99. -99.
248 1422 1481 1 -99. -99.
249 1480 1569 1 176 -99.
250 1569 1563 1 -99. -99.
251 1260 1564 1 -99. -99.
252 1462 1560 1 -99. -99.
253 1466 1563 1 -99. -99.
254 1566 1555 1 -99. -99.
255 1566 1438 1 -99. -99.
256 1405 1477 1 -99. -99.
257 1563 1563 1 -99. -99.
258 1427 1231 1 176 -99.
259 1510 1364 1 -99. -99.
260 1448 1268 1 -99. -99.
261 1547 1268 1 -99. -99.
262 1405 1477 1 -99. -99.
263 1519 1555 1 -99. -99.
264 1481 1457 1 -99. -99.
265 1530 1398 1 176 222
266 1527 1235 1 162 -99.
267 1336 1469 1 162 -99.
268 1371 1481 1 162 -99.
269 1559 1391 1 -99. -99.
270 1477 1405 1 -99. -99.
271 1235 1260 1 -99. -99.
272 1568 1533 1 162 -99.
273 1565 1527 1 -99. -99.
274 1438 1519 1 -99. -99.
275 1565 1569 1 -99. -99.
276 1484 1564 1 -99. -99.
277 1555 1519 1 -99. -99.
278 1391 1559 1 162 243
279 1510 1398 1 -99. -99.
280 1544 1559 1 -99. -99.
281 1268 1448 1 -99. -99.
282 1387 1233 1 -99. -99.
283 1397 1457 1 -99. -99.
284 1370 1431 1 -99. -99.
285 1569 1563 1 -99. -99.
286 1566 1555 1 -99. -99.
287 1548 1564 1 -99. -99.
288 1555 1566 1 -99. -99.
289 1405 1557 1 162 -99.
290 1563 1569 1 -99. -99.
291 1566 1568 1 -99. -99.
292 1565 1569 1 194 -99.
293 1268 1547 1 -99. -99.
294 1568 1566 1 -99. -99.
295 1332 1427 1 -99. -99.
296 1457 1481 1 162 208
297 1268 1547 1 -99. -99.
298 1527 1538 1 -99. -99.
299 1557 1405 1 -99. -99.
300 1490 1563 1 -99. -99.
301 1560 1527 1 -99. -99.
302 1301 1548 1 -99. -99.
303 1391 1462 1 176 -99.
304 1451 1557 1 -99. -99.
305 1462 1565 1 -99. -99.
306 1560 1559 1 -99. -99.
307 1533 1438 1 -99. -99.
308 1560 1569 1 194 -99.
309 1278 1559 1 162 222
310 1497 1233 1 -99. -99.
311 1547 1268 1 -99. -99.
312 1231 1559 1 162 -99.
313 1233 1555 1 -99. 222
314 1462 1565 1 -99. -99.
315 1334 1364 1 -99. -99.
316 1530 1336 1 -99. -99.
317 1555 1566 1 -99. -99.
318 1565 1569 1 -99. -99.
319 1568 1533 1 -99. -99.
320 1405 1477 1 190 -99.
321 1336 1530 1 -99. -99.
322 1530 1336 1 -99. -99.
323 1438 1519 1 -99. -99.
324 1398 1530 1 -99. -99.
325 1544 1427 1 -99. -99.
326 1569 1563 1 -99. -99.
327 1405 1557 1 -99. -99.
328 1560 1462 1 -99. -99.
329 1527 1565 1 -99. -99.
330 1448 1469 1 -99. -99.
331 1569 1563 1 -99. -99.
332 1405 1557 1 -99. -99.
333 1448 1268 1 -99. -99.
334 1559 1544 1 -99. -99.
335 1431 1490 1 -99. -99.
336 1559 1278 1 -99. -99.
337 1560 1559 1 -99. -99.
338 1391 1559 1 -99. -99.
339 1533 1438 1 -99. -99.
340 1497 1490 1 -99. -99.
341 1326 1405 1 -99. -99.
342 1364 1268 1 -99. -99.
343 1560 1569 1 -99. -99.
344 1510 1398 1 -99. -99.
345 1565 1462 1 -99. -99.
346 1559 1544 1 -99. -99.
347 1568 1566 1 -99. -99.
348 1457 1494 1 -99. -99.
349 1555 1519 1 -99. -99.
350 1563 1466 1 190 -99.
351 1563 1569 1 -99. -99.
352 1538 1569 1 -99. -99.
353 1301 1260 1 -99. -99.
354 1569 1565 1 -99. -99.
355 1497 1370 1 -99. -99.
356 1398 1530 1 183 -99.
357 1371 1494 1 -99. -99.
358 1231 1559 1 152 -99.
359 1538 1569 1 173 -99.
360 1530 1336 1 -99. -99.
361 1557 1405 1 -99. -99.
362 1370 1497 1 -99. -99.
363 1462 1538 1 -99. -99.
364 1466 1563 1 -99. -99.
365 1334 1448 1 152 216
366 1527 1565 1 -99. -99.
367 1527 1565 1 -99. -99.
368 1564 1484 1 -99. -99.
369 1497 1370 1 -99. -99.
370 1530 1398 1 -99. -99.
371 1477 1405 1 -99. -99.
372 1484 1564 1 -99. -99.
373 1544 1559 1 -99. -99.
374 1555 1519 1 -99. -99.
375 1370 1453 1 -99. -99.
376 1438 1533 1 -99. -99.
377 1544 1559 1 152 208
378 1490 1497 1 -99. -99.
379 1457 1260 1 152 216
380 1466 1563 1 -99. -99.
381 1263 1466 1 -99. -99.
382 1405 1477 1 -99. -99.
383 1233 1387 1 -99. -99.
384 1544 1559 1 173 -99.
385 1555 1533 1 -99. -99.
386 1466 1527 1 -99. -99.
387 1519 1336 1 -99. -99.
388 1566 1555 1 -99. -99.
389 1268 1448 1 183 -99.
390 1484 1235 1 -99. -99.
391 1431 1370 1 -99. -99.
392 1538 1462 1 -99. -99.
393 1268 1547 1 -99. -99.
394 1559 1544 1 -99. -99.
395 1569 1565 2 -99. -99.
396 1416 1326 2 -99. -99.
397 1527 1565 2 -99. -99.
398 1364 1268 2 -99. -99.
399 1563 1466 2 -99. -99.
400 1527 1565 2 -99. -99.
401 1533 1568 2 -99. -99.
402 1555 1519 2 -99. -99.
403 1334 1448 2 -99. -99.
404 1559 1544 2 -99. -99.
405 1555 1566 2 -99. -99.
406 1569 1563 2 -99. -99.
407 1477 1231 2 -99. -99.
408 1569 1563 2 -99. -99.
409 1559 1544 2 -99. -99.
410 1462 1565 2 -99. -99.
411 1565 1527 2 -99. -99.
412 1438 1533 2 176 -99.
413 1457 1481 2 -99. -99.
414 1564 1260 2 -99. -99.
415 1548 1564 2 -99. -99.
416 1422 1481 2 -99. -99.
417 1568 1466 2 -99. -99.
418 1569 1563 2 176 -99.
419 1405 1557 2 162 -99.
420 1268 1364 2 -99. -99.
421 1559 1231 2 162 210
422 1566 1555 2 -99. -99.
423 1326 1405 2 -99. -99.
424 1370 1497 2 -99. -99.
425 1364 1268 2 -99. -99.
426 1494 1457 2 -99. -99.
427 1555 1519 2 -99. -99.
428 1235 1484 2 170 -99.
429 1268 1193 2 202 -99.
430 1477 1405 2 -99. -99.
431 1422 1494 2 -99. -99.
432 1530 1336 2 -99. -99.
433 1519 1555 2 -99. -99.
434 1555 1533 2 145 210
435 1533 1555 2 -99. -99.
436 1544 1427 2 -99. -99.
437 1544 1559 2 202 240
438 1235 1566 2 -99. -99.
439 1530 1336 2 -99. -99.
440 1431 1370 2 -99. -99.
441 1431 1233 2 -99. -99.
442 1569 1563 2 -99. -99.
443 1405 1477 2 -99. -99.
444 1555 1566 2 -99. -99.
445 1405 1326 2 -99. -99.
446 1530 1398 2 -99. -99.
447 1235 1260 2 -99. -99.
448 1422 1494 2 -99. -99.
449 1565 1569 2 170 240
450 1565 1462 2 -99. 240
451 1533 1568 2 -99. -99.
452 1560 1370 2 -99. -99.
453 1569 1560 2 -99. -99.
454 1559 1332 2 -99. -99.
455 1438 1566 2 -99. -99.
456 1560 1559 2 -99. -99.
457 1233 1387 2 202 240
458 1268 1547 2 145 -99.
459 1370 1387 2 -99. -99.
460 1544 1559 2 -99. -99.
461 1560 1569 2 -99. -99.
462 1559 1391 2 -99. -99.
463 1564 1548 2 -99. -99.
464 1336 1530 2 -99. -99.
465 1481 1422 2 -99. -99.
466 1336 1530 2 -99. -99.
467 1530 1398 2 -99. -99.
468 1233 1497 2 -99. -99.
469 1466 1563 2 -99. -99.
470 1391 1559 2 -99. -99.
471 1260 1564 2 -99. -99.
472 1519 1568 2 -99. -99.
473 1405 1557 2 -99. -99.
474 1559 1544 2 -99. -99.
475 1494 1422 2 -99. -99.
476 1480 1466 2 -99. -99.
477 1560 1559 2 -99. -99.
478 1569 1565 2 -99. 240
479 1466 1480 2 -99. -99.
480 1336 1530 2 -99. -99.
481 1555 1566 2 -99. -99.
482 1484 1564 2 -99. -99.
483 1555 1519 2 -99. -99.
484 1438 1533 2 -99. -99.
485 1510 1336 2 -99. -99.
486 1466 1263 2 -99. -99.
487 1559 1560 2 -99. -99.
488 1490 1563 2 -99. -99.
489 1268 1448 2 -99. -99.
490 1231 1336 2 -99. -99.
491 1336 1510 2 -99. -99.
492 1336 1530 2 -99. -99.
493 1519 1555 2 -99. -99.
494 1555 1533 2 -99. -99.
495 1481 1457 2 -99. -99.
496 1565 1527 2 -99. -99.
497 1530 1336 2 -99. -99.
498 1560 1559 2 -99. -99.
499 1387 1370 2 -99. -99.
500 1405 1477 2 -99. -99.
501 1544 1559 2 -99. -99.
502 1405 1326 2 -99. -99.
503 1405 1477 2 170 223
504 1555 1533 2 -99. -99.
505 1533 1438 2 -99. -99.
506 1557 1405 2 -99. -99.
507 1559 1231 2 -99. -99.
508 1564 1484 2 -99. -99.
509 1568 1533 2 147 210
510 1533 1555 2 147 210
511 1566 1568 2 147 210
512 1566 1568 2 147 210
513 1538 1569 2 -99. -99.
514 1560 1569 2 147 210
515 1326 1398 2 147 210
516 1530 1398 2 -99. -99.
517 1263 1466 2 -99. -99.
518 1555 1533 2 -99. -99.
519 1530 1336 2 -99. -99.
520 1510 1398 2 147 210
521 1457 1494 2 -99. -99.
522 1457 1494 2 -99. -99.
523 1559 1544 2 -99. -99.
524 1466 1563 2 -99. -99.
525 1332 1559 2 170 223
526 1548 1235 2 -99. -99.
527 1494 1457 2 -99. -99.
528 1527 1565 2 -99. -99.
529 1494 1422 2 -99. -99.
530 1235 1548 2 -99. -99.
531 1370 1431 2 -99. -99.
532 1484 1564 2 -99. -99.
533 1547 1268 2 162 210
534 1563 1569 2 -99. -99.
535 1563 1569 2 -99. -99.
536 1555 1519 2 -99. -99.
537 1364 1268 2 -99. -99.
538 1457 1481 2 -99. -99.
539 1565 1527 2 -99. -99.
540 1559 1560 2 -99. -99.
541 1370 1497 2 -99. -99.
542 1405 1477 2 -99. -99.
543 1519 1438 2 -99. -99.
544 1527 1565 2 -99. -99.
545 1268 1448 2 -99. -99.
546 1560 1462 2 162 210
547 1268 1547 2 -99. -99.
548 1448 1268 2 -99. -99.
549 1557 1405 2 -99. -99.
550 1268 1547 2 -99. -99.
551 1497 1490 2 -99. -99.
552 1494 1422 2 -99. -99.
553 1568 1533 2 -99. -99.
554 1391 1559 2 -99. -99.
555 1484 1235 2 -99. -99.
556 1538 1527 2 -99. -99.
557 1547 1268 2 -99. -99.
558 1364 1268 2 -99. -99.
559 1547 1268 2 -99. -99.
560 1547 1563 2 -99. -99.
561 1497 1370 2 -99. -99.
562 1560 1559 2 194 -99.
563 1527 1560 2 162 -99.
564 1260 1235 2 173 -99.
565 1547 1268 2 -99. -99.
566 1235 1548 2 -99. -99.
567 1438 1533 2 -99. -99.
568 1568 1566 2 -99. -99.
569 1497 1370 2 -99. -99.
570 1268 1547 2 173 -99.
571 1301 1260 2 -99. -99.
572 1526 1533 2 -99. -99.
573 1559 1231 2 -99. -99.
574 1448 1334 2 -99. -99.
575 1438 1533 2 -99. -99.
576 1332 1559 2 -99. -99.
577 1260 1564 2 -99. -99.
578 1565 1569 2 173 210
579 1334 1547 2 -99. -99.
580 1527 1565 2 -99. -99.
581 1490 1497 2 -99. -99.
582 1398 1530 2 -99. -99.
583 1484 1235 2 -99. -99.
584 1405 1557 2 -99. -99.
585 1497 1233 2 -99. -99.
586 1555 1533 2 -99. -99.
587 1336 1235 2 -99. -99.
588 1494 1457 2 -99. -99.
589 1387 1233 2 -99. -99.
590 1391 1559 2 -99. -99.
591 1448 1268 2 -99. -99.
592 1555 1533 2 -99. -99.
593 1235 1260 2 -99. -99.
594 1559 1231 2 -99. -99.
595 1566 1555 2 -99. -99.
596 1268 1364 2 -99. -99.
597 1555 1566 2 -99. -99.
598 1235 1484 2 173 -99.
599 1391 1462 2 139 210
600 1427 1544 2 -99. -99.
601 1560 1462 2 -99. -99.
602 1557 1405 2 -99. -99.
603 1457 1494 2 139 -99.
604 1235 1260 2 139 -99.
605 1477 1405 2 -99. -99.
606 1278 1462 2 -99. -99.
607 1564 1260 2 -99. -99.
608 1477 1405 2 -99. -99.
609 1431 1490 2 -99. -99.
610 1480 1569 2 -99. -99.
611 1568 1519 2 -99. -99.
612 1405 1557 2 -99. -99.
613 1231 1559 2 139 210
614 1448 1268 2 -99. -99.
615 1559 1231 2 -99. -99.
616 1565 1569 2 -99. -99.
617 1462 1565 2 -99. -99.
618 1268 1448 2 -99. -99.
619 1569 1565 2 -99. -99.
620 1398 1530 2 -99. -99.
621 1477 1405 2 -99. -99.
622 1547 1268 2 -99. -99.
623 1422 1494 2 139 -99.
624 1451 1477 2 -99. -99.
625 1438 1519 2 -99. -99.
626 1370 1387 2 -99. -99.
627 1448 1268 2 -99. -99.
628 1555 1533 2 -99. -99.
629 1557 1405 2 -99. -99.
630 1564 1484 2 -99. -99.
631 1427 1231 2 -99. -99.
632 1526 1533 3 -99. -99.
633 1364 1268 3 155 223
634 1555 1566 3 -99. -99.
635 1569 1565 3 -99. -99.
636 1268 1448 3 -99. -99.
637 1538 1569 3 -99. -99.
638 1233 1497 3 -99. -99.
639 1268 1364 3 -99. -99.
640 1557 1405 3 -99. -99.
641 1530 1336 3 -99. -99.
642 1559 1231 3 -99. -99.
643 1559 1231 3 -99. -99.
644 1555 1566 3 -99. -99.
645 1533 1555 3 174 -99.
646 1332 1559 3 -99. -99.
647 1494 1422 3 -99. -99.
648 1466 1480 3 155 -99.
649 1391 1559 3 -99. -99.
650 1494 1422 3 -99. -99.
651 1555 1519 3 -99. -99.
652 1422 1494 3 -99. -99.
653 1565 1462 3 174 209
654 1235 1260 3 -99. -99.
655 1431 1233 3 -99. -99.
656 1527 1565 3 -99. -99.
657 1566 1555 3 -99. -99.
658 1484 1235 3 -99. -99.
659 1568 1566 3 -99. -99.
660 1557 1405 3 -99. -99.
661 1398 1530 3 -99. -99.
662 1235 1260 3 -99. -99.
663 1480 1466 3 -99. -99.
664 1405 1477 3 -99. -99.
665 1466 1563 3 -99. -99.
666 1559 1544 3 -99. -99.
667 1568 1533 3 174 223
668 1231 1559 3 154 -99.
669 1547 1268 3 -99. -99.
670 1559 1231 3 -99. -99.
671 1405 1477 3 -99. -99.
672 1484 1564 3 -99. -99.
673 1477 1405 3 -99. -99.
674 1555 1566 3 -99. -99.
675 1405 1557 3 -99. -99.
676 1555 1533 3 -99. -99.
677 1477 1405 3 174 -99.
678 1560 1559 3 -99. -99.
679 1564 1260 3 -99. -99.
680 1391 1559 3 139 -99.
681 1457 1481 3 180 -99.
682 1569 1563 3 -99. -99.
683 1538 1462 3 180 -99.
684 1497 1490 3 -99. -99.
685 1422 1494 3 -99. -99.
686 1448 1268 3 -99. -99.
687 1235 1548 3 -99. -99.
688 1370 1497 3 -99. -99.
689 1484 1235 3 -99. -99.
690 1569 1565 3 -99. -99.
691 1548 1564 3 -99. -99.
692 1564 1548 3 -99. -99.
693 1569 1563 3 -99. -99.
694 1565 1527 3 -99. -99.
695 1559 1231 3 -99. -99.
696 1564 1260 3 -99. -99.
697 1268 1547 3 -99. -99.
698 1422 1494 3 -99. -99.
699 1565 1462 3 -99. -99.
700 1387 1233 3 145 217
701 1336 1530 3 -99. -99.
702 1405 1477 3 -99. -99.
703 1438 1533 3 -99. -99.
704 1268 1547 3 -99. -99.
705 1547 1268 3 -99. -99.
706 1533 1568 3 -99. -99.
707 1544 1559 3 -99. -99.
708 1564 1484 3 -99. -99.
709 1427 1231 3 -99. -99.
710 1427 1544 3 -99. -99.
711 1555 1533 3 -99. -99.
712 1260 1564 3 -99. -99.
713 1431 1490 3 -99. -99.
714 1477 1405 3 -99. -99.
715 1326 1405 3 -99. -99.
716 1568 1533 3 -99. -99.
717 1530 1398 3 -99. -99.
718 1547 1268 3 -99. -99.
719 1466 1563 3 -99. -99.
720 1405 1326 3 -99. -99.
721 1569 1563 3 -99. -99.
722 1398 1530 3 -99. -99.
723 1457 1494 3 -99. -99.
724 1448 1268 3 -99. -99.
725 1405 1557 3 -99. -99.
726 1438 1566 3 -99. -99.
727 1557 1405 3 -99. -99.
728 1235 1260 3 -99. -99.
729 1555 1519 3 -99. -99.
730 1336 1530 3 -99. -99.
731 1364 1268 3 -99. -99.
732 1364 1530 3 -99. -99.
733 1527 1565 3 -99. -99.
734 1559 1560 3 -99. -99.
735 1533 1568 3 -99. -99.
736 1555 1533 3 167 217
737 1235 1548 3 -99. -99.
738 1268 1448 3 162 -99.
739 1564 1484 3 -99. -99.
740 1364 1268 3 -99. -99.
741 1405 1477 3 -99. -99.
742 1538 1527 3 -99. -99.
743 1530 1336 3 -99. -99.
744 1519 1568 3 -99. -99.
745 1519 1555 3 -99. -99.
746 1405 1326 3 -99. -99.
747 1555 1533 3 162 -99.
748 1235 1484 3 -99. -99.
749 1565 1569 3 -99. -99.
750 1555 1519 3 -99. -99.
751 1364 1268 3 -99. -99.
752 1260 1235 3 -99. -99.
753 1457 1481 3 -99. -99.
754 1497 1370 3 -99. -99.
755 1448 1334 3 162 -99.
756 1334 1448 3 -99. -99.
757 1568 1519 3 -99. -99.
758 1565 1569 3 -99. -99.
759 1370 1387 3 -99. -99.
760 1457 1494 3 -99. -99.
761 1494 1457 3 -99. -99.
762 1563 1569 3 -99. -99.
763 1448 1268 3 -99. -99.
764 1559 1332 3 -99. -99.
765 1260 1564 3 -99. -99.
766 1555 1533 3 166 223
767 1569 1565 3 -99. -99.
768 1560 1559 3 -99. -99.
769 1235 1484 3 -99. -99.
770 1560 1462 3 -99. -99.
771 1370 1497 3 -99. -99.
772 1494 1422 3 -99. -99.
773 1555 1566 3 -99. -99.
774 1268 1364 3 -99. -99.
775 1387 1370 3 -99. -99.
776 1422 1481 3 -99. -99.
777 1481 1457 3 -99. -99.
778 1233 1387 3 -99. -99.
779 1405 1326 3 -99. -99.
780 1405 1557 3 -99. -99.
781 1497 1233 3 -99. -99.
782 1569 1563 3 -99. -99.
783 1563 1569 3 -99. -99.
784 1405 1557 3 -99. -99.
785 1560 1559 3 -99. -99.
786 1398 1530 3 -99. -99.
787 1268 1547 3 159 -99.
788 1569 1563 3 -99. -99.
789 1569 1565 3 -99. -99.
790 1260 1235 3 -99. -99.
791 1555 1519 3 -99. -99.
792 1235 1260 3 -99. -99.
793 1544 1427 3 -99. -99.
794 1560 1569 3 167 -99.
795 1544 1559 3 -99. -99.
796 1566 1568 3 -99. -99.
797 1494 1457 3 -99. -99.
798 1448 1268 3 -99. -99.
799 1547 1268 3 -99. -99.
800 1457 1494 3 -99. -99.
801 1268 1547 3 167 -99.
802 1336 1530 3 -99. -99.
803 1565 1527 3 -99. -99.
804 1547 1268 3 -99. -99.
805 1438 1533 3 167 -99.
806 1494 1457 3 -99. -99.
807 1548 1235 3 -99. -99.
808 1438 1519 3 -99. -99.
809 1268 1448 3 -99. -99.
810 1527 1565 3 -99. -99.
811 1563 1466 3 -99. -99.
812 1510 1398 3 -99. -99.
813 1466 1563 4 -99. -99.
814 1268 1547 4 160 223
815 1466 1563 4 -99. -99.
816 1564 1260 4 -99. -99.
817 1519 1568 4 -99. -99.
818 1364 1268 4 160 -99.
819 1538 1462 4 177 210
820 1555 1519 4 177 -99.
821 1233 1387 4 -99. -99.
822 1448 1268 4 -99. -99.
823 1364 1268 4 -99. -99.
824 1497 1233 4 -99. -99.
825 1387 1370 4 -99. -99.
826 1530 1398 4 -99. -99.
827 1563 1569 4 -99. -99.
828 1231 1559 4 -99. -99.
829 1555 1533 4 -99. -99.
830 1405 1557 4 177 -99.
831 1405 1557 4 -99. -99.
832 1427 1231 4 -99. -99.
833 1563 1569 4 -99. -99.
834 1457 1494 4 -99. -99.
835 1235 1260 4 -99. -99.
836 1533 1568 4 -99. -99.
837 1422 1494 4 -99. -99.
838 1555 1533 4 -99. -99.
839 1235 1260 4 -99. -99.
840 1260 1564 4 -99. -99.
841 1555 1566 4 -99. -99.
842 1547 1268 4 -99. -99.
843 1548 1564 4 -99. -99.
844 1560 1559 4 -99. -99.
845 1398 1530 4 -99. -99.
846 1555 1566 4 -99. -99.
847 1569 1565 4 -99. -99.
848 1448 1268 4 -99. -99.
849 1569 1563 4 -99. -99.
850 1405 1477 4 -99. -99.
851 1568 1566 4 -99. -99.
852 1547 1268 4 -99. -99.
853 1555 1519 4 -99. -99.
854 1448 1268 4 -99. -99.
855 1569 1565 4 -99. -99.
856 1527 1565 4 -99. -99.
857 1527 1565 4 -99. -99.
858 1566 1568 4 177 -99.
859 1555 1566 4 -99. -99.
860 1533 1568 4 -99. -99.
861 1569 1565 4 -99. -99.
862 1477 1405 4 -99. -99.
863 1565 1569 4 177 -99.
864 1559 1231 4 160 217
865 1484 1235 4 177 -99.
866 1494 1457 4 -99. -99.
867 1448 1268 4 -99. -99.
868 1438 1519 4 194 -99.
869 1564 1548 4 -99. -99.
870 1559 1544 4 -99. -99.
871 1268 1547 4 -99. -99.
872 1548 1235 4 -99. -99.
873 1268 1364 4 -99. -99.
874 1438 1565 4 -99. -99.
875 1260 1564 4 -99. -99.
876 1387 1233 4 -99. -99.
877 1457 1494 4 -99. -99.
878 1544 1559 4 131 210
879 1477 1405 4 -99. -99.
880 1565 1569 4 -99. -99.
881 1405 1477 4 -99. -99.
882 1555 1566 4 -99. -99.
883 1494 1457 4 -99. -99.
884 1370 1497 4 -99. -99.
885 1494 1422 4 -99. -99.
886 1559 1231 4 -99. -99.
887 1544 1559 4 166 217
888 1268 1547 4 166 217
889 1326 1405 4 -99. -99.
890 1530 1336 4 -99. -99.
891 1422 1481 4 -99. -99.
892 1405 1557 4 180 241
893 1568 1519 4 -99. -99.
894 1560 1462 4 131 -99.
895 1336 1530 4 -99. -99.
896 1538 1527 4 -99. -99.
897 1457 1494 4 -99. -99.
898 1510 1398 4 166 210
899 1569 1563 4 -99. -99.
900 1564 1260 4 -99. -99.
901 1477 1405 4 -99. -99.
902 1555 1533 4 -99. -99.
903 1557 1405 4 -99. -99.
904 1405 1477 4 -99. -99.
905 1494 1457 4 -99. -99.
906 1336 1530 4 131 -99.
907 1497 1370 4 -99. -99.
908 1547 1268 4 -99. -99.
909 1405 1326 4 -99. -99.
910 1494 1422 4 -99. -99.
911 1557 1405 4 -99. -99.
912 1235 1548 4 -99. -99.
913 1332 1559 4 162 210
914 1422 1494 4 -99. -99.
915 1405 1326 4 -99. -99.
916 1560 1559 4 162 217
917 1527 1565 4 -99. -99.
918 1405 1477 4 -99. -99.
919 1422 1494 4 -99. -99.
920 1235 1260 4 -99. -99.
921 1268 1364 4 -99. -99.
922 1427 1544 4 -99. -99.
923 1557 1405 4 -99. -99.
924 1438 1533 4 -99. -99.
925 1568 1533 4 -99. -99.
926 1438 1566 4 -99. -99.
927 1405 1557 4 -99. -99.
928 1481 1457 4 -99. -99.
929 1564 1484 4 -99. -99.
930 1569 1563 4 -99. -99.
931 1538 1569 4 -99. -99.
932 1398 1530 4 -99. -99.
933 1326 1405 4 -99. -99.
934 1565 1462 4 -99. -99.
935 1494 1422 4 -99. -99.
936 1560 1569 4 162 -99.
937 1526 1533 4 -99. -99.
938 1559 1231 4 -99. -99.
939 1405 1557 4 162 -99.
940 1364 1268 4 -99. -99.
941 1530 1336 4 -99. -99.
942 1391 1559 4 -99. -99.
943 1268 1448 4 -99. -99.
944 1268 1547 4 -99. -99.
945 1268 1547 4 152 -99.
946 1560 1559 4 -99. -99.
947 1569 1563 4 -99. -99.
948 1235 1260 4 -99. -99.
949 1398 1530 4 -99. -99.
950 1555 1519 4 173 217
951 1235 1484 4 -99. -99.
952 1364 1268 4 173 217
953 1233 1497 4 173 223
954 1568 1533 4 -99. -99.
955 1563 1466 4 -99. -99.
956 1565 1527 4 -99. -99.
957 1268 1448 4 152 -99.
958 1547 1268 4 152 210
959 1370 1387 4 -99. -99.
960 1497 1490 4 -99. -99.
961 1260 1235 4 173 217
962 1235 1484 4 173 217
963 1477 1405 5 -99. -99.
964 1569 1563 5 -99. -99.
965 1466 1563 5 154 -99.
966 1387 1370 5 -99. -99.
967 1477 1405 5 154 -99.
968 1235 1260 5 -99. -99.
969 1438 1533 5 154 -99.
970 1438 1566 5 -99. -99.
971 1569 1563 5 -99. -99.
972 1555 1566 5 -99. -99.
973 1568 1533 5 154 217
974 1422 1494 5 -99. -99.
975 1564 1484 5 -99. -99.
976 1557 1405 5 -99. -99.
977 1555 1519 5 -99. -99.
978 1569 1563 5 -99. -99.
979 1405 1326 5 -99. -99.
980 1563 1569 5 -99. -99.
981 1533 1568 5 180 -99.
982 1560 1559 5 -99. -99.
983 1235 1484 5 -99. -99.
984 1555 1519 5 -99. -99.
985 1364 1268 5 -99. -99.
986 1268 1547 5 -99. -99.
987 1457 1494 5 -99. -99.
988 1544 1559 5 -99. -99.
989 1569 1565 5 -99. -99.
990 1268 1547 5 -99. -99.
991 1268 1547 5 -99. -99.
992 1557 1405 5 -99. -99.
993 1497 1370 5 -99. -99.
994 1563 1569 5 -99. -99.
995 1326 1405 5 -99. -99.
996 1568 1519 5 -99. -99.
997 1422 1494 5 -99. -99.
998 1538 1462 5 131 210
999 1448 1268 5 -99. -99.
1000 1235 1260 5 -99. -99.
1001 1547 1268 5 -99. -99.
1002 1457 1494 5 -99. -99.
1003 1370 1387 5 146 217
1004 1538 1569 5 -99. -99.
1005 1457 1494 5 -99. -99.
1006 1559 1544 5 -99. -99.
1007 1530 1398 5 -99. -99.
1008 1564 1260 5 -99. -99.
1009 1268 1448 5 146 -99.
1010 1438 1533 5 -99. -99.
1011 1235 1260 5 -99. -99.
1012 1568 1533 5 -99. -99.
1013 1547 1559 5 -99. -99.
1014 1494 1457 5 -99. -99.
1015 1555 1519 5 146 -99.
1016 1477 1405 5 -99. -99.
1017 1565 1527 5 -99. -99.
1018 1268 1547 5 -99. -99.
1019 1364 1268 5 146 -99.
1020 1438 1519 5 -99. -99.
1021 1398 1530 5 -99. -99.
1022 1569 1565 5 -99. -99.
1023 1569 1565 5 -99. -99.
1024 1466 1563 5 -99. -99.
1025 1326 1405 5 -99. -99.
1026 1344 1497 5 -99. -99.
1027 1519 1568 5 -99. -99.
1028 1559 1231 5 -99. -99.
1029 1448 1268 5 -99. -99.
1030 1268 1448 5 -99. -99.
1031 1233 1497 5 -99. -99.
1032 1448 1268 5 -99. -99.
1033 1448 1268 5 -99. -99.
1034 1569 1563 5 -99. -99.
1035 1557 1405 5 -99. -99.
1036 1364 1268 5 -99. -99.
1037 1494 1457 5 -99. -99.
1038 1548 1235 5 -99. -99.
1039 1555 1533 5 173 -99.
1040 1405 1557 5 -99. -99.
1041 1559 1231 5 147 -99.
1042 1565 1462 5 173 -99.
1043 1481 1457 5 -99. -99.
1044 1422 1494 5 -99. -99.
1045 1233 1387 5 -99. -99.
1046 1235 1484 5 -99. -99.
1047 1568 1566 5 -99. -99.
1048 1391 1559 5 -99. -99.
1049 1398 1530 5 -99. -99.
1050 1565 1569 5 -99. -99.
1051 1494 1422 5 -99. -99.
1052 1235 1548 5 -99. -99.
1053 1494 1457 5 -99. -99.
1054 1555 1533 5 173 223
1055 1405 1557 5 -99. -99.
1056 1583 1606 6 -99. -99.
1057 1610 1606 6 132 -99.
1058 1679 1629 6 -99. -99.
1059 1671 1678 6 132 209
1060 1708 1725 6 -99. -99.
1061 1622 1729 6 139 223
1062 1677 1652 6 132 223
1063 1698 1636 6 132 230
1064 1699 1688 6 -99. -99.
1065 1632 1654 6 132 216
1066 1618 1609 6 -99. -99.
1067 1632 1718 6 -99. -99.
1068 1640 1715 6 174 230
1069 1709 1628 6 -99. -99.
1070 1590 1606 6 132 202
1071 1620 1572 6 -99. -99.
1072 1598 1579 6 139 223
1073 1676 1639 6 139 -99.
1074 1591 1588 6 -99. -99.
1075 1656 1625 6 -99. -99.
1076 1697 1633 6 132 209
1077 1632 1647 6 160 -99.
1078 1677 1652 6 132 216
1079 1640 1672 6 132 -99.
1080 1598 1577 6 132 209
1081 1724 1637 6 -99. -99.
1082 1582 1574 6 -99. -99.
1083 1590 1575 6 139 -99.
1084 1606 1610 6 -99. -99.
1085 1571 1604 6 -99. -99.
1086 1676 1649 6 153 216
1087 1687 1638 6 146 223
1088 1597 1579 6 132 209
1089 1643 1681 6 132 209
1090 1699 1663 6 132 -99.
1091 1671 1691 6 132 209
1092 1648 1727 6 174 -99.
1093 1612 1596 6 132 -99.
1094 1660 1673 6 132 237
1095 1650 1657 6 132 -99.
1096 1643 1696 6 146 237
1097 1590 1606 6 132 216
1098 1635 1680 6 146 244
1099 1612 1599 6 -99. -99.
1100 1709 1628 6 -99. -99.
1101 1583 1586 6 132 209
1102 1589 1578 6 132 209
1103 1655 1684 6 132 223
1104 1674 1702 6 132 202
1105 1606 1583 6 -99. -99.
1106 1686 1694 6 -99. -99.
1107 1619 1620 6 -99. -99.
1108 1572 1620 6 -99. -99.
1109 1610 1586 6 -99. -99.
1110 1590 1585 6 132 202
1111 1668 1704 6 132 209
1112 1679 1717 6 132 209
1113 1582 1606 6 -99. -99.
1114 1607 1576 6 -99. -99.
1115 1579 1594 6 132 216
1116 1674 1659 6 132 209
1117 1600 1599 6 132 223
1118 1709 1690 6 132 216
1119 1665 1685 6 132 237
1120 1677 1721 6 132 202
1121 1602 1604 6 -99. -99.
1122 1665 1658 6 146 216
1123 1578 1593 6 132 209
1124 1640 1715 6 -99. -99.
1125 1671 1705 6 139 209
1126 1627 1624 6 -99. -99.
1127 1627 1731 6 139 209
1128 1612 1589 6 132 209
1129 1600 1589 6 132 209
1130 1598 1612 6 153 216
1131 1576 1608 6 -99. -99.
1132 1669 1707 6 139 -99.
1133 1632 1653 6 132 209
1134 1591 1575 6 -99. -99.
1135 1582 1585 6 -99. -99.
1136 1607 1613 6 -99. -99.
1137 1599 1581 6 -99. -99.
1138 1605 1621 6 -99. -99.
1139 1580 1595 6 -99. -99.
1140 1570 1613 6 -99. -99.
1141 1593 1578 6 132 216
1142 1577 1596 6 -99. -99.
1143 1607 1605 6 -99. -99.
1144 1583 1587 6 132 202
1145 1612 1592 6 -99. -99.
1146 1677 1644 6 -99. -99.
1147 1723 1728 6 132 202
1148 1674 1662 6 132 202
1149 1656 1730 6 132 216
1150 1621 1613 6 132 216
1151 1581 1595 6 -99. -99.
1152 1700 1651 6 132 209
1153 1580 1599 6 132 237
1154 1582 1606 6 132 209
1155 1656 1695 6 139 209
1156 1594 1612 6 -99. -99.
1157 1698 1667 6 132 209
1158 1601 1617 6 -99. -99.
1159 1722 1706 6 174 230
1160 1585 1590 6 -99. -99.
1161 1612 1593 6 132 216
1162 1623 1630 6 -99. -99.
1163 1700 1664 6 132 202
1164 1622 1641 6 -99. -99.
1165 1698 1667 6 -99. -99.
1166 1623 1683 6 132 223
1167 1578 1596 6 -99. -99.
1168 1574 1610 6 -99. -99.
1169 1716 1719 6 -99. -99.
1170 1580 1596 6 139 230
1171 1589 1581 6 -99. -99.
1172 1616 1611 6 139 202
1173 1687 1670 6 132 209
1174 1573 1604 6 132 209
1175 1687 1692 6 132 230
1176 1589 1612 6 132 216
1177 1581 1593 6 132 202
1178 1674 1659 6 132 209
1179 1592 1612 6 -99. -99.
1180 1583 1585 6 -99. -99.
1181 1627 1693 6 -99. -99.
1182 1648 1631 6 -99. -99.
1183 1598 1578 6 132 230
1184 1708 1682 6 132 209
1185 1579 1599 6 139 230
1186 1581 1594 6 -99. -99.
1187 1583 1575 6 -99. -99.
1188 1698 1710 6 -99. -99.
1189 1722 1675 6 132 202
1190 1592 1578 6 139 223
1191 1668 1703 6 139 -99.
1192 1623 1642 6 132 223
1193 1581 1599 6 132 230
1194 1604 1573 6 -99. -99.
1195 1632 1645 6 146 237
1196 1617 1615 6 -99. -99.
1197 1723 1711 6 -99. -99.
1198 1679 1717 6 -99. -99.
1199 1603 1617 6 -99. -99.
1200 1643 1681 6 132 216
1201 1578 1592 6 132 209
1202 1669 1726 6 132 209
1203 1575 1610 6 -99. -99.
1204 1614 1608 6 -99. -99.
1205 1584 1613 6 132 216
1206 1581 1589 6 132 223
1207 1712 1666 6 139 -99.
1208 1593 1579 6 167 -99.
1209 1671 1701 6 167 244
1210 1699 1661 6 132 202
1211 1593 1612 6 132 -99.
1212 1580 1589 6 -99. -99.
1213 1687 1713 6 -99. -99.
1214 1574 1590 6 -99. -99.
1215 1610 1585 6 132 237
1216 1596 1612 6 132 223
1217 1591 1606 6 132 209
1218 1708 1714 6 132 216
1219 1674 1662 6 -99. -99.
1220 1679 1717 7 139 230
1221 1590 1585 7 -99. -99.
1222 1699 1688 7 -99. -99.
1223 1606 1610 7 -99. -99.
1224 1583 1575 7 -99. -99.
1225 1591 1606 7 -99. -99.
1226 1601 1617 7 -99. -99.
1227 1627 1731 7 139 216
1228 1643 1681 7 132 -99.
1229 1583 1585 7 -99. -99.
1230 1632 1645 7 -99. -99.
1231 1634 1720 7 -99. -99.
1232 1593 1579 7 -99. -99.
1233 1650 1657 7 -99. -99.
1234 1648 1631 7 -99. -99.
1235 1583 1587 7 146 -99.
1236 1581 1593 7 132 209
1237 1589 1612 7 132 202
1238 1643 1681 7 132 209
1239 1656 1689 7 -99. -99.
1240 1699 1661 7 132 209
1241 1697 1633 7 132 202
1242 1622 1641 7 132 -99.
1243 1677 1652 7 132 223
1244 1600 1589 7 132 209
1245 1724 1637 7 -99. -99.
1246 1592 1578 7 146 230
1247 1708 1682 7 132 209
1248 1687 1638 7 146 216
1249 1607 1605 7 146 209
1250 1590 1575 7 -99. -99.
1251 1623 1630 7 139 223
1252 1612 1599 7 -99. -99.
1253 1709 1628 7 -99. -99.
1254 1709 1690 7 132 202
1255 1708 1626 7 139 216
1256 1573 1604 7 139 209
1257 1677 1652 7 132 230
1258 1665 1685 7 132 195
1259 1632 1647 7 132 230
1260 1708 1725 7 -99. -99.
1261 1581 1589 7 132 209
1262 1671 1678 7 146 244
1263 1589 1578 7 -99. -99.
1264 1618 1609 7 -99. -99.
1265 1723 1711 7 132 -99.
1266 1585 1590 7 -99. -99.
1267 1674 1662 7 -99. -99.
1268 1614 1608 7 -99. -99.
1269 1687 1638 7 -99. -99.
1270 1669 1726 7 132 202
1271 1640 1715 7 132 237
1272 1700 1664 7 132 195
1273 1632 1654 7 132 216
1274 1582 1606 7 -99. -99.
1275 1623 1642 7 132 202
1276 1698 1710 7 -99. -99.
1277 1590 1606 7 139 237
1278 1698 1667 7 -99. -99.
1279 1708 1714 7 132 216
1280 1579 1599 7 -99. -99.
1281 1612 1589 7 132 -99.
1282 1635 1680 7 132 -99.
1283 1604 1573 7 -99. -99.
1284 1723 1728 7 132 223
1285 1722 1675 7 132 209
1286 1616 1611 7 132 209
1287 1643 1696 7 -99. -99.
1288 1668 1703 7 132 216
1289 1579 1594 7 -99. -99.
1290 1576 1608 7 132 223
1291 1593 1578 7 132 216
1292 1674 1662 7 -99. -99.
1293 1687 1713 7 -99. -99.
1294 1656 1730 7 167 230
1295 1612 1596 7 -99. -99.
1296 1606 1583 7 -99. -99.
1297 1669 1707 7 -99. -99.
1298 1655 1684 7 139 216
1299 1686 1694 7 -99. -99.
1300 1612 1593 7 139 216
1301 1627 1624 7 -99. -99.
1302 1607 1605 7 -99. -99.
1303 1570 1613 7 -99. -99.
1304 1580 1595 7 -99. -99.
1305 1593 1612 7 -99. -99.
1306 1687 1670 7 132 216
1307 1700 1651 7 -99. -99.
1308 1698 1636 7 160 223
1309 1674 1659 7 132 223
1310 1671 1701 7 153 -99.
1311 1699 1663 7 132 209
1312 1598 1612 7 -99. -99.
1313 1722 1706 7 -99. -99.
1314 1656 1695 7 132 209
1315 1621 1613 7 -99. -99.
1316 1592 1612 7 132 209
1317 1607 1613 7 -99. -99.
1318 1671 1691 7 139 216
1319 1677 1721 7 132 216
1320 1596 1612 7 -99. -99.
1321 1687 1692 7 -99. -99.
1322 1676 1639 7 132 216
1323 1632 1653 7 132 209
1324 1622 1641 7 -99. -99.
1325 1578 1592 7 139 216
1326 1627 1693 7 -99. -99.
1327 1575 1610 7 -99. -99.
1328 1660 1673 7 132 216
1329 1603 1617 7 -99. -99.
1330 1578 1596 7 -99. -99.
1331 1676 1649 7 -99. -99.
1332 1612 1592 7 132 216
1333 1712 1666 7 132 209
1334 1619 1620 7 -99. -99.
1335 1580 1589 7 -99. -99.
1336 1632 1718 7 -99. -99.
1337 1610 1585 7 132 209
1338 1668 1704 7 132 209
1339 1610 1606 7 132 230
1340 1623 1683 7 132 -99.
1341 1671 1705 7 -99. -99.
1342 1578 1593 7 132 209
1343 1656 1646 7 139 -99.
1344 1583 1585 8 153 -99.
1345 1686 1694 8 -99. -99.
1346 1723 1728 8 132 209
1347 1643 1681 8 132 209
1348 1596 1612 8 153 -99.
1349 1687 1713 8 -99. -99.
1350 1593 1578 8 132 -99.
1351 1708 1682 8 132 209
1352 1687 1670 8 132 216
1353 1698 1710 8 -99. -99.
1354 1590 1606 8 139 223
1355 1671 1705 8 132 216
1356 1590 1585 8 132 216
1357 1676 1639 8 132 230
1358 1712 1666 8 146 230
1359 1674 1659 8 132 216
1360 1589 1612 8 139 209
1361 1579 1599 8 -99. -99.
1362 1722 1675 8 132 209
1363 1677 1721 8 132 230
1364 1632 1645 8 -99. 237
1365 1687 1638 8 -99. -99.
1366 1708 1714 8 132 216
1367 1648 1631 8 -99. -99.
1368 1627 1731 8 132 237
1369 1612 1593 8 139 209
1370 1700 1651 8 132 209
1371 1660 1673 8 146 -99.
1372 1671 1691 8 132 209
1373 1699 1688 8 -99. -99.
1374 1665 1685 8 146 209
1375 1610 1606 8 -99. -99.
1376 1708 1626 8 132 209
1377 1655 1684 8 132 209
1378 1699 1663 8 132 209
1379 1656 1695 8 -99. -99.
1380 1618 1609 8 -99. -99.
1381 1580 1595 8 -99. -99.
1382 1671 1678 8 -99. -99.
1383 1635 1680 8 -99. -99.
1384 1643 1681 8 132 216
1385 1671 1678 8 132 216
1386 1687 1692 8 -99. -99.
1387 1679 1717 8 132 209
1388 1573 1604 8 -99. -99.
1389 1574 1610 8 -99. -99.
1390 1709 1628 8 -99. -99.
1391 1632 1647 8 -99. -99.
1392 1677 1652 8 132 223
1393 1607 1605 8 132 216
1394 1632 1654 8 132 202
1395 1656 1689 8 -99. -99.
1396 1601 1617 8 -99. -99.
1397 1668 1704 8 132 230
1398 1579 1594 8 146 209
1399 1698 1636 8 132 202
1400 1674 1659 8 146 209
1401 1623 1642 8 132 209
1402 1700 1664 8 132 223
1403 1677 1652 8 132 209
1404 1592 1578 8 132 209
1405 1722 1706 8 132 209
1406 1578 1593 8 -99. -99.
1407 1640 1715 8 132 237
1408 1709 1690 8 132 223
1409 1623 1683 8 132 209
1410 1581 1589 8 -99. -99.
1411 1656 1689 8 -99. -99.
1412 1623 1630 8 -99. -99.
1413 1671 1678 8 146 230
1414 1575 1610 8 -99. -99.
1415 1606 1610 8 132 216
1416 1585 1590 8 -99. -99.
1417 1669 1726 8 132 209
1418 1582 1606 8 132 209
1419 1674 1662 8 132 209
1420 1632 1653 8 132 223
1421 1699 1663 9 132 202
1422 1687 1713 9 -99. -99.
1423 1699 1688 9 -99. -99.
1424 1671 1691 9 132 209
1425 1623 1683 9 132 202
1426 1676 1639 9 139 216
1427 1635 1680 9 -99. -99.
1428 1709 1628 9 -99. -99.
1429 1598 1612 9 -99. -99.
1430 1708 1626 9 132 -99.
1431 1698 1710 9 -99. -99.
1432 1632 1653 9 132 230
1433 1722 1675 9 132 209
1434 1698 1636 9 -99. -99.
1435 1632 1654 9 132 209
1436 1665 1685 9 132 223
1437 1687 1692 9 -99. -99.
1438 1656 1689 9 -99. -99.
1439 1709 1628 9 -99. -99.
1440 1677 1652 9 132 202
1441 1669 1726 9 132 209
1442 1687 1670 9 132 209
1443 1655 1684 9 -99. -99.
1444 1712 1666 9 -99. -99.
1445 1623 1630 9 -99. -99.
1446 1607 1605 9 -99. -99.
1447 1574 1610 9 139 223
1448 1590 1606 9 139 216
1449 1674 1662 9 132 216
1450 1580 1595 9 -99. -99.
1451 1610 1606 9 -99. -99.
1452 1579 1599 9 -99. -99.
1453 1671 1705 9 153 216
1454 1699 1688 9 -99. -99.
1455 1575 1610 9 -99. -99.
1456 1723 1728 9 132 209
1457 1589 1612 9 -99. -99.
1458 1700 1664 9 132 209
1459 1581 1593 9 132 216
1460 1623 1642 9 -99. -99.
1461 1648 1631 9 160 -99.
1462 1578 1593 9 153 202
1463 1612 1593 9 132 209
1464 1674 1659 9 132 202
1465 1640 1715 9 -99. -99.
1466 1573 1604 9 -99. -99.
1467 1582 1606 9 -99. -99.
1468 1671 1678 9 -99. -99.
1469 1708 1714 9 132 209
1470 1708 1682 9 132 223
1471 1699 1688 9 -99. -99.
1472 1709 1628 10 -99. -99.
1473 1687 1692 10 -99. -99.
1474 1632 1654 10 132 209
1475 1722 1675 10 132 209
1476 1671 1678 10 -99. -99.
1477 1656 1695 10 132 202
1478 1575 1610 10 132 -99.
1479 1700 1664 10 132 209
1480 1623 1630 10 -99. -99.
1481 1632 1653 10 132 209
1482 1607 1605 10 132 -99.
1483 1677 1652 10 132 209
1484 1687 1670 10 132 -99.
1485 1674 1662 10 132 209
1486 1655 1684 10 132 209
1487 1671 1691 10 132 202
1488 1669 1726 10 132 -99.
1489 1699 1688 10 -99. -99.
1490 1612 1593 10 -99. -99.
1491 1671 1678 10 -99. -99.
1492 1643 1681 10 132 209
1493 1648 1631 10 132 202
1494 1623 1642 10 132 202
1495 1699 1663 10 132 202
1496 1574 1610 10 -99. -99.
1497 1723 1728 10 132 209
1498 1674 1659 10 132 209
1499 1699 1688 10 -99. -99.
1500 1579 1599 10 139 230
1501 1708 1682 10 132 216
1502 1698 1636 10 -99. -99.
1503 1640 1715 10 132 209
1504 1580 1595 10 -99. -99.
1505 1623 1683 10 132 216
1506 1676 1639 10 132 209
1507 1648 1631 10 -99. -99.
1508 1643 1681 10 132 209
1509 1648 1631 10 132 216
1510 1708 1626 10 132 223
1511 1574 1610 10 -99. -99.
1512 1643 1681 10 132 216
1513 1722 1675 11 132 202
1514 1671 1691 11 132 209
1515 1699 1663 11 132 202
1516 1709 1628 11 -99. -99.
1517 1648 1631 11 132 209
1518 1674 1659 11 -99. -99.
1519 1579 1599 11 132 209
1520 1648 1631 11 -99. -99.
1521 1708 1682 11 132 209
1522 1674 1659 11 153 230
1523 1674 1659 11 132 216
1524 1669 1726 11 132 202
1525 1677 1652 11 132 202
1526 1676 1639 11 132 -99.
1527 1575 1610 11 167 -99.
1528 1580 1595 11 167 -99.
1529 1674 1662 11 167 -99.
1530 1655 1684 11 167 -99.
1531 1687 1692 11 132 -99.
1532 1674 1659 11 132 209
1533 1700 1664 11 132 209
1534 1671 1678 11 132 209
1535 1699 1663 11 132 209
1536 1607 1605 11 132 209
1537 1632 1654 11 132 202
1538 1623 1683 11 132 202
1539 1643 1681 11 132 209
1540 1640 1715 11 -99. -99.
1541 1607 1605 11 -99. -99.
1542 1674 1662 11 132 216
1543 1699 1688 11 -99. -99.
1544 1648 1631 12 -99. -99.
1545 1674 1659 12 132 216
1546 1632 1654 12 -99. -99.
1547 1712 1666 12 132 209
1548 1674 1659 12 132 209
1549 1677 1652 12 132 209
1550 1699 1663 12 132 202
1551 1580 1595 12 -99. -99.
1552 1580 1595 12 -99. -99.
1553 1699 1688 12 -99. -99.
1554 1699 1663 12 132 202
1555 1709 1628 12 -99. -99.
1556 1632 1654 12 132 202
1557 1708 1682 12 132 209
1558 1676 1649 12 139 209
1559 1722 1675 12 132 202
1560 1677 1652 12 132 209
1561 1671 1678 12 153 230
1562 1674 1662 12 132 209
1563 1607 1605 12 146 -99.
1564 1699 1663 12 146 -99.
1565 1671 1691 12 132 216
1566 1674 1662 12 -99. -99.
1567 1687 1692 12 132 230
1568 1640 1715 12 132 209
1569 1643 1681 12 132 209
1570 0 0 12 -99. -99.
1571 0 0 12 -99. -99.
1572 0 0 12 -99. -99.
1573 0 0 12 -99. -99.
1574 0 0 12 -99. -99.
1575 0 0 12 -99. -99.
1576 0 0 12 -99. -99.
1577 0 0 12 -99. -99.
1578 0 0 12 -99. -99.
1579 0 0 12 -99. -99.
1580 0 0 12 -99. -99.
1581 0 0 12 -99. -99.
1582 0 0 12 -99. -99.
1583 0 0 12 -99. -99.
1584 0 0 12 -99. -99.
1585 0 0 12 -99. -99.
1586 0 0 12 -99. -99.
1587 0 0 12 -99. -99.
1588 0 0 12 -99. -99.
1589 0 0 12 -99. -99.
1590 0 0 12 -99. -99.
1591 0 0 12 -99. -99.
1592 0 0 12 -99. -99.
1593 0 0 12 -99. -99.
1594 0 0 12 -99. -99.
1595 0 0 12 -99. -99.
1596 0 0 12 -99. -99.
1597 0 0 12 -99. -99.
1598 0 0 12 -99. -99.
1599 0 0 12 -99. -99.
1600 0 0 12 -99. -99.
1601 0 0 12 -99. -99.
1602 0 0 12 -99. -99.
1603 0 0 12 -99. -99.
1604 0 0 12 -99. -99.
1605 0 0 12 -99. -99.
1606 0 0 12 -99. -99.
1607 0 0 12 -99. -99.
1608 0 0 12 -99. -99.
1609 0 0 12 -99. -99.
1610 0 0 12 -99. -99.
1611 0 0 12 -99. -99.
1612 0 0 12 -99. -99.
1613 0 0 12 -99. -99.
1614 0 0 12 -99. -99.
1615 0 0 12 -99. -99.
1616 0 0 12 -99. -99.
1617 0 0 12 -99. -99.
1618 0 0 12 -99. -99.
1619 0 0 12 -99. -99.
1620 0 0 12 -99. -99.
1621 0 0 12 -99. -99.
1622 0 0 12 -99. -99.
1623 0 0 12 -99. -99.
1624 0 0 12 -99. -99.
1625 0 0 12 -99. -99.
1626 0 0 12 -99. -99.
1627 0 0 12 -99. -99.
1628 0 0 12 -99. -99.
1629 0 0 12 -99. -99.
1630 0 0 12 -99. -99.
1631 0 0 12 -99. -99.
1632 0 0 12 -99. -99.
1633 0 0 12 -99. -99.
1634 0 0 12 -99. -99.
1635 0 0 12 -99. -99.
1636 0 0 12 -99. -99.
1637 0 0 12 -99. -99.
1638 0 0 12 -99. -99.
1639 0 0 12 -99. -99.
1640 0 0 12 -99. -99.
1641 0 0 12 -99. -99.
1642 0 0 12 -99. -99.
1643 0 0 12 -99. -99.
1644 0 0 12 -99. -99.
1645 0 0 12 -99. -99.
1646 0 0 12 -99. -99.
1647 0 0 12 -99. -99.
1648 0 0 12 -99. -99.
1649 0 0 12 -99. -99.
1650 0 0 12 -99. -99.
1651 0 0 12 -99. -99.
1652 0 0 12 -99. -99.
1653 0 0 12 -99. -99.
1654 0 0 12 -99. -99.
1655 0 0 12 -99. -99.
1656 0 0 12 -99. -99.
1657 0 0 12 -99. -99.
1658 0 0 12 -99. -99.
1659 0 0 12 -99. -99.
1660 0 0 12 -99. -99.
1661 0 0 12 -99. -99.
1662 0 0 12 -99. -99.
1663 0 0 12 -99. -99.
1664 0 0 12 -99. -99.
1665 0 0 12 -99. -99.
1666 0 0 12 -99. -99.
1667 0 0 12 -99. -99.
1668 0 0 12 -99. -99.
1669 0 0 12 -99. -99.
1670 0 0 12 -99. -99.
1671 0 0 12 -99. -99.
1672 0 0 12 -99. -99.
1673 0 0 12 -99. -99.
1674 0 0 12 -99. -99.
1675 0 0 12 -99. -99.
1676 0 0 12 -99. -99.
1677 0 0 12 -99. -99.
1678 0 0 12 -99. -99.
1679 0 0 12 -99. -99.
1680 0 0 12 -99. -99.
1681 0 0 12 -99. -99.
1682 0 0 12 -99. -99.
1683 0 0 12 -99. -99.
1684 0 0 12 -99. -99.
1685 0 0 12 -99. -99.
1686 0 0 12 -99. -99.
1687 0 0 12 -99. -99.
1688 0 0 12 -99. -99.
1689 0 0 12 -99. -99.
1690 0 0 12 -99. -99.
1691 0 0 12 -99. -99.
1692 0 0 12 -99. -99.
1693 0 0 12 -99. -99.
1694 0 0 12 -99. -99.
1695 0 0 12 -99. -99.
1696 0 0 12 -99. -99.
1697 0 0 12 -99. -99.
1698 0 0 12 -99. -99.
1699 0 0 12 -99. -99.
1700 0 0 12 -99. -99.
1701 0 0 12 -99. -99.
1702 0 0 12 -99. -99.
1703 0 0 12 -99. -99.
1704 0 0 12 -99. -99.
1705 0 0 12 -99. -99.
1706 0 0 12 -99. -99.
1707 0 0 12 -99. -99.
1708 0 0 12 -99. -99.
1709 0 0 12 -99. -99.
1710 0 0 12 -99. -99.
1711 0 0 12 -99. -99.
1712 0 0 12 -99. -99.
1713 0 0 12 -99. -99.
1714 0 0 12 -99. -99.
1715 0 0 12 -99. -99.
1716 0 0 12 -99. -99.
1717 0 0 12 -99. -99.
1718 0 0 12 -99. -99.
1719 0 0 12 -99. -99.
1720 0 0 12 -99. -99.
1721 0 0 12 -99. -99.
1722 0 0 12 -99. -99.
1723 0 0 12 -99. -99.
1724 0 0 12 -99. -99.
1725 0 0 12 -99. -99.
1726 0 0 12 -99. -99.
1727 0 0 12 -99. -99.
1728 0 0 12 -99. -99.
1729 0 0 12 -99. -99.
1730 0 0 12 -99. -99.
1731 0 0 12 -99. -99.
0
